elapsed, window, n, min, mean, median, 95th, 99th, 99_9th, max, errors
4.996594, 4.996594, 1787, 3651, 248695.9, 256503, 310038, 340900, 345767, 347556, 0
9.997531, 5.000937, 3296, 96380, 147526.9, 147557, 179042, 193284, 200243, 200801, 0
14.997466, 4.999935, 3097, 105890, 156108.2, 156089, 183383, 197176, 206445, 211049, 0
19.997564, 5.000098, 3008, 108756, 161487.4, 161328, 185943, 202671, 211267, 216406, 0
24.997531, 4.999967, 2997, 108756, 161999.1, 164369, 188239, 195262, 200003, 200319, 0
29.998051, 5.00052, 2907, 112997, 166118.4, 167656, 189578, 193362, 196736, 199671, 0
34.997485, 4.999434, 2926, 107905, 167466.1, 166438, 201686, 258443, 270660, 271036, 0
39.997552, 5.000067, 2911, 110732, 167387.0, 168285, 196833, 204854, 209230, 211806, 0
44.997432, 4.99988, 2981, 102511, 164275.7, 166475, 192018, 199516, 204483, 205718, 0
49.997576, 5.000144, 2873, 102511, 167879.7, 168980, 195000, 203507, 207790, 209178, 0
54.997543, 4.999967, 3023, 107445, 162008.8, 163909, 188523, 196645, 200095, 200888, 0
59.997441, 4.999898, 2906, 120629, 166297.5, 166398, 195012, 229126, 241136, 242439, 0
64.99745, 5.000009, 2903, 110736, 169248.4, 168913, 205978, 274044, 287408, 289108, 0
69.997559, 5.000109, 2928, 110736, 165372.1, 166276, 195602, 201254, 205117, 206011, 0
74.997529, 4.99997, 2948, 113366, 165680.7, 167120, 192735, 205383, 213153, 216554, 0
79.997445, 4.999916, 2898, 104263, 167851.0, 164051, 196812, 357178, 369671, 372526, 0
84.997502, 5.000057, 2912, 117176, 166634.2, 168636, 189387, 194269, 201388, 203962, 0
89.997545, 5.000043, 2693, 125167, 179570.4, 176037, 206080, 373874, 379719, 382755, 0
94.997623, 5.000078, 2407, 125945, 201008.0, 185216, 326504, 429153, 441001, 443106, 0
99.997516, 4.999893, 2714, 126655, 182235.9, 180814, 226333, 243225, 251432, 253667, 0
104.997521, 5.000005, 2836, 100546, 170991.5, 173216, 199021, 207195, 211951, 212978, 0
109.997446, 4.999925, 2922, 109306, 168342.4, 169390, 198687, 211312, 218650, 221538, 0
114.997452, 5.000006, 2839, 111437, 171522.7, 173621, 201572, 210240, 214661, 215028, 0
119.997442, 4.99999, 2827, 117794, 172877.3, 174659, 202365, 213032, 220150, 222326, 0
124.997478, 5.000036, 2851, 124856, 171811.3, 171325, 202671, 214499, 236597, 237944, 0
129.997645, 5.000167, 2841, 120580, 171770.4, 173472, 199361, 208352, 214874, 216838, 0
134.997494, 4.999849, 2898, 116290, 168122.7, 169678, 194408, 206880, 214874, 216838, 0
139.997441, 4.999947, 2827, 123014, 171843.5, 172756, 197386, 208006, 219627, 222258, 0
144.997444, 5.000003, 2757, 127364, 176409.6, 178721, 207992, 222114, 234658, 235828, 0
149.997574, 5.00013, 2870, 126900, 169321.0, 170193, 198120, 206317, 209618, 211542, 0
154.997524, 4.99995, 2822, 124260, 172639.7, 172424, 209422, 234651, 249410, 250066, 0
159.997452, 4.999928, 2840, 120996, 172729.7, 172589, 204039, 213070, 222259, 224824, 0
164.997433, 4.999981, 2907, 105836, 168293.0, 170595, 196785, 205148, 216023, 217718, 0
169.997515, 5.000082, 2777, 122596, 174886.1, 175882, 201985, 214752, 221904, 222731, 0
174.997567, 5.000052, 2772, 115359, 175132.5, 177018, 205992, 214345, 221117, 222294, 0
179.997443, 4.999876, 2603, 138922, 187610.9, 188504, 215187, 234846, 245882, 248004, 0
184.9975, 5.000057, 2754, 121383, 180374.5, 181399, 214758, 231409, 236798, 237046, 0
189.997456, 4.999956, 2906, 119393, 167344.7, 168980, 194758, 201513, 209591, 210843, 0
194.997501, 5.000045, 2899, 117896, 166926.4, 167307, 196375, 201583, 203421, 204970, 0
199.997502, 5.000001, 2873, 119164, 169590.6, 171158, 194197, 198855, 202067, 204444, 0
204.997531, 5.000029, 2819, 124682, 172542.1, 172814, 195862, 200414, 207747, 210340, 0
209.997473, 4.999942, 2777, 125428, 175220.9, 175934, 201444, 210921, 219413, 221922, 0
214.997604, 5.000131, 2838, 114428, 172203.1, 174286, 199931, 223359, 228271, 229713, 0
219.997507, 4.999903, 2794, 134039, 174750.0, 175367, 200068, 213803, 223359, 224712, 0
224.997557, 5.00005, 2797, 127538, 175042.8, 176870, 200755, 210079, 217114, 218487, 0
229.997594, 5.000037, 2882, 122208, 168424.3, 169289, 194887, 202392, 211544, 213272, 0
234.997464, 4.99987, 2705, 115751, 179384.8, 181212, 214356, 234388, 252610, 258199, 0
239.997506, 5.000042, 2739, 120041, 176924.8, 179405, 207546, 220617, 225405, 226758, 0
244.997498, 4.999992, 2833, 115397, 174327.1, 174231, 211908, 234942, 250242, 252568, 0
249.997461, 4.999963, 2813, 114061, 172504.2, 173864, 202407, 213453, 219282, 221238, 0
254.997516, 5.000055, 2846, 107749, 172685.4, 173389, 206617, 221283, 227446, 229181, 0
259.997514, 4.999998, 2806, 115497, 173550.1, 176047, 198793, 202664, 206751, 209090, 0
264.997444, 4.99993, 2864, 118248, 172195.5, 173999, 200408, 207908, 214757, 216082, 0
269.997446, 5.000002, 2707, 127917, 177877.4, 178704, 205679, 216817, 225448, 226056, 0
274.99746, 5.000014, 2821, 121050, 174005.1, 173663, 207154, 238831, 250748, 251880, 0
279.997495, 5.000035, 2772, 123233, 175908.0, 176548, 204680, 220987, 228562, 230587, 0
284.997472, 4.999977, 2745, 122202, 178205.6, 179429, 203852, 214827, 221656, 222168, 0
289.997483, 5.000011, 2782, 126206, 174918.6, 176168, 201122, 205404, 208955, 209877, 0
294.998032, 5.000549, 2721, 131292, 178988.8, 180164, 208157, 228535, 235491, 236084, 0
299.997445, 4.999413, 2692, 124935, 183570.6, 184029, 219424, 229162, 235491, 236084, 0
300.99964, 1.002195, 550, 127608, 181658.8, 181833, 218208, 229363, 238398, 238823, 0
