elapsed, window, n, min, mean, median, 95th, 99th, 99_9th, max, errors
4.998318, 4.998318, 13, 419, 30180.7, 15629, 79737, 127866, 127866, 127866, 0
9.999196, 5.000878, 12, 454, 47367.4, 52469, 77375, 126476, 126476, 126476, 0
14.999271, 5.000075, 14, 507, 36157.0, 26463, 84664, 126476, 126476, 126476, 0
19.999437, 5.000166, 11, 507, 34962.2, 32191, 74122, 84664, 84664, 84664, 0
24.999354, 4.999917, 14, 579, 48735.1, 60718, 87926, 91864, 91864, 91864, 0
29.999405, 5.000051, 16, 450, 19025.3, 8154, 46673, 122799, 122799, 122799, 0
34.999304, 4.999899, 8, 450, 13183.5, 10951, 22358, 46207, 46207, 46207, 0
39.999299, 4.999995, 15, 503, 10483.1, 12199, 19262, 23572, 23572, 23572, 0
44.999747, 5.000448, 13, 503, 24380.7, 16404, 96521, 103502, 103502, 103502, 0
49.998539, 4.998792, 14, 738, 59360.9, 35024, 168074, 197605, 197605, 197605, 0
54.999338, 5.000799, 16, 413, 60849.5, 23329, 171659, 197605, 197605, 197605, 0
59.999186, 4.999848, 13, 413, 89029.9, 29139, 224610, 340318, 340318, 340318, 0
64.999525, 5.000339, 13, 472, 21747.5, 19974, 37041, 60472, 60472, 60472, 0
69.999443, 4.999918, 18, 552, 36624.8, 31804, 76101, 102354, 102354, 102354, 0
74.999417, 4.999974, 17, 448, 56933.4, 31804, 182776, 243359, 243359, 243359, 0
79.999244, 4.999827, 14, 448, 157697.3, 188281, 332658, 379116, 379116, 379116, 0
85.000296, 5.001052, 13, 464, 175169.6, 163042, 332658, 379116, 379116, 379116, 0
90.001667, 5.001371, 16, 17764, 141347.8, 91898, 324199, 383977, 383977, 383977, 0
95.000451, 4.998784, 14, 5360, 156284.8, 146516, 231854, 324199, 324199, 324199, 0
99.999319, 4.998868, 11, 429, 135535.7, 135814, 207165, 300026, 300026, 300026, 0
105.000388, 5.001069, 15, 429, 120181.6, 99926, 223029, 338570, 338570, 338570, 0
110.000638, 5.00025, 9, 2824, 113913.5, 105000, 159559, 338570, 338570, 338570, 0
114.998296, 4.997658, 16, 777, 123964.1, 111453, 219148, 311815, 311815, 311815, 0
119.999263, 5.000967, 13, 2447, 120533.0, 68637, 326090, 334447, 334447, 334447, 0
124.999532, 5.000269, 16, 2447, 282791.2, 148978, 791636, 1117118, 1117118, 1117118, 0
129.999315, 4.999783, 17, 719, 69141.0, 53229, 155009, 161600, 161600, 161600, 0
134.99922, 4.999905, 11, 870, 52924.4, 50275, 87918, 92959, 92959, 92959, 0
139.999338, 5.000118, 10, 505, 48423.5, 50962, 81967, 92959, 92959, 92959, 0
144.999181, 4.999843, 14, 505, 46168.8, 51137, 81078, 86801, 86801, 86801, 0
149.999576, 5.000395, 17, 44660, 53722.2, 52341, 70566, 73593, 73593, 73593, 0
154.998248, 4.998672, 15, 626, 52331.1, 58958, 78666, 88701, 88701, 88701, 0
159.999311, 5.001063, 18, 397, 49335.4, 55961, 80453, 98712, 98712, 98712, 0
164.999293, 4.999982, 13, 49601, 68825.5, 66796, 85509, 134945, 134945, 134945, 0
169.999272, 4.999979, 13, 483, 62760.8, 64448, 103488, 114642, 114642, 114642, 0
174.999393, 5.000121, 14, 640, 73840.0, 67861, 114642, 130999, 130999, 130999, 0
179.999389, 4.999996, 15, 643, 64439.7, 66100, 80311, 130999, 130999, 130999, 0
184.999319, 4.99993, 11, 643, 65893.7, 66605, 82239, 102600, 102600, 102600, 0
189.999291, 4.999972, 12, 713, 72076.2, 74545, 85813, 90856, 90856, 90856, 0
194.999232, 4.999941, 13, 713, 75077.6, 75035, 99873, 160881, 160881, 160881, 0
199.999683, 5.000451, 14, 60333, 90062.0, 75868, 156649, 160881, 160881, 160881, 0
204.99824, 4.998557, 12, 1592, 77479.5, 81702, 96581, 101113, 101113, 101113, 0
209.999244, 5.001004, 12, 540, 72378.1, 78443, 96581, 121737, 121737, 121737, 0
214.999258, 5.000014, 19, 753, 90921.2, 84361, 150379, 182754, 182754, 182754, 0
219.999312, 5.000054, 14, 668, 79630.5, 82690, 125794, 128504, 128504, 128504, 0
224.999456, 5.000144, 13, 426, 89261.7, 92688, 148222, 231057, 231057, 231057, 0
229.999381, 4.999925, 8, 426, 89961.4, 88864, 127742, 127742, 127742, 127742, 0
234.999221, 4.99984, 14, 647, 102597.1, 105795, 136236, 214937, 214937, 214937, 0
239.9993, 5.000079, 13, 2031, 110941.7, 105795, 140365, 214937, 214937, 214937, 0
244.999221, 4.999921, 13, 93111, 130776.8, 124682, 179564, 205166, 205166, 205166, 0
249.999242, 5.000021, 14, 3280, 115991.1, 117757, 175105, 214994, 214994, 214994, 0
254.999225, 4.999983, 13, 3280, 117019.6, 115424, 149305, 156644, 156644, 156644, 0
259.999366, 5.000141, 15, 702, 108504.7, 114706, 166996, 210683, 210683, 210683, 0
264.999363, 4.999997, 17, 440, 124258.0, 130061, 210683, 244854, 244854, 244854, 0
269.999305, 4.999942, 12, 1245, 122535.5, 127229, 166535, 204385, 204385, 204385, 0
274.999192, 4.999887, 10, 516, 107810.5, 124740, 144879, 169579, 169579, 169579, 0
279.99927, 5.000078, 12, 516, 149163.9, 146324, 204126, 254310, 254310, 254310, 0
284.999171, 4.999901, 16, 25199, 155965.3, 159676, 216916, 225945, 225945, 225945, 0
289.999248, 5.000077, 11, 676, 155625.3, 138040, 238758, 269017, 269017, 269017, 0
294.999379, 5.000131, 9, 72939, 154343.1, 140326, 301371, 301371, 301371, 301371, 0
299.999309, 4.99993, 14, 1437, 173913.4, 160428, 245672, 278480, 278480, 278480, 0
300.998197, 0.998888, 2, 594, 163061.5, 160428, 245672, 278480, 278480, 278480, 0
